$ANSIBLE_VAULT;1.2;AES256;invent
62633362666563303661373436333265633431333462643665316665663831613333386436303563
3266393230663262386332643736313631663138623465620a333361363530303166626661366332
64393364346133383534386266333832346536303838356561346366333638366465623530366661
6562613762373664630a643933313736613439366638623432663935306638663862386465306238
64653335303034633138393234656631643161343339613566653534636434616361376332636366
64333933303864346639343162386230336231353736623538313530623762626633643361623035
38336664386131303362303163343463636135643561343933313437663164666133663133393963
38383831363161333466336135666637373335363366613234326261633436653636346133653762
31626165353134643035323563383664313530373731323938643062646462303530393034386630
63353032346466336233643864653536626533366134373730343437313034333835616139346539
30343130663466363034353930343466343038343162616630333638643138303230336365633330
30373033396363376231306666373534313636646237303565666261333036303938613164316439
39353238396166623134343338623265363636636339626431373838646131353137623234393335
64323363306562663762316533316563336333663137306666653762343366303332623834666666
36313264333839303237666466363332356134653761333635626432656136653531356235633161
33373565316562373564636461316166623433376364613961613134363634356133313535366262
62626562666266343565363334633833663737376662363630343833306161626435623665663431
38353562663435366634616631326261353936333034656264616533313562366435643436303239
64376638616537663037623430626661326239666166326561303434373664663234396231376237
39623165356135363834306337386564343361633264326637616266333236383062326532303730
66643666613332336462383965626638376335313364623536386662623037656564356539633563
36613131326530303766343961353864366632626437386630633262656434353766616534613564
32313365333561326664383562366639393937373962326636366339666630656538623435303437
34333631636535643837336331613537336664386130666362396337343262613863623039303032
37376136323137646331383861376237383333653964613463386339636534343835653534326465
66343666316437616366656438326638303234333631336337663861313431616638393562656433
626236623936393736306165333638663564
